INCAR created by Atomic Simulation Environment
 AMIX = 0.200000
 AMIX_MAG = 0.800000
 BMIX = 0.000010
 BMIX_MAG = 0.000010
 ENCUT = 520.000000
 KSPACING = 0.200000
 SIGMA = 0.050000
 EDIFF = 1.00e-05
 ALGO = D
 GGA = PE
 PREC = N
 ICHARG = 2
 ISMEAR = 0
 ISPIN = 2
 ISTART = 0
 KPAR = 2
 LMAXMIX = 4
 NELM = 500
 NELMIN = 6
 NCORE = 4
 LDAU = .TRUE.
 LREAL = .FALSE.
 LDAUL = 2 1
 LDAUU = 3.400 0.000
 LDAUJ = 0.000 0.000
 MAGMOM = 8*4.0000 10*0.0000 
